[[[5.00000000e-01 8.66956596e+00]
  [5.00000000e-01 8.66960574e+00]
  [5.00000000e-01 1.75368733e+01]
  ...
  [5.00000000e-01 2.91729226e+02]
  [5.00000000e-01 5.09226993e+02]
  [5.00000000e-01 5.09230117e+02]]

 [[7.50000000e-01 5.20575198e+00]
  [7.50000000e-01 5.20576272e+00]
  [7.50000000e-01 1.23647837e+01]
  ...
  [7.50000000e-01 2.62477628e+02]
  [7.50000000e-01 5.53920948e+02]
  [7.50000000e-01 5.53922510e+02]]

 [[1.00000000e+00 4.01278240e+00]
  [1.00000000e+00 4.01278327e+00]
  [1.00000000e+00 1.16069182e+01]
  ...
  [1.00000000e+00 2.33389561e+02]
  [1.00000000e+00 6.13769949e+02]
  [1.00000000e+00 6.13773364e+02]]

 ...

 [[2.52000000e+02 1.20428957e+01]
  [2.52000000e+02 1.77796254e+01]
  [2.52000000e+02 8.47192808e+03]
  ...
  [2.52000000e+02 6.32449918e+05]
  [2.52000000e+02 2.86375493e+06]
  [2.52000000e+02 2.86450054e+06]]

 [[2.76000000e+02 1.40196934e+01]
  [2.76000000e+02 2.12808586e+01]
  [2.76000000e+02 1.01619308e+04]
  ...
  [2.76000000e+02 7.58258654e+05]
  [2.76000000e+02 3.43506561e+06]
  [2.76000000e+02 3.43596017e+06]]

 [[3.00000000e+02 1.62000750e+01]
  [3.00000000e+02 2.51045848e+01]
  [3.00000000e+02 1.20055938e+04]
  ...
  [3.00000000e+02 8.95504502e+05]
  [3.00000000e+02 4.05831362e+06]
  [3.00000000e+02 4.05937066e+06]]]